*Vertices 300
12
2
2
3
1
4
39
3
1
2
3
2
1
4
1
3
1
3
2
5
7
3
5
17
7
1
3
6
3
4
9
1
1
26
11
2
5
6
5
1
7
1
1
2
15
4
14
1
1
2
3
2
7
2
2
5
2
2
1
1
3
4
2
1
2
1
3
2
5
1
1
1
8
1
1
1
1
1
1
1
1
1
2
1
3
1
1
1
2
1
1
2
1
2
1
1
3
2
1
1
2
3
1
1
1
1
1
1
1
1
1
2
2
1
2
5
1
1
1
5
2
1
1
2
1
1
1
2
1
1
1
3
1
1
1
1
1
1
1
1
1
1
1
1
1
1
1
1
1
1
1
1
1
1
1
1
1
1
1
1
1
1
1
1
1
1
1
1
1
1
1
1
1
1
1
1
1
1
1
1
1
1
1
2
1
1
1
1
1
1
1
1
1
1
1
1
1
1
1
1
1
1
1
1
1
1
1
1
1
1
1
1
1
1
1
1
1
1
1
1
1
1
1
1
1
1
1
1
1
1
1
1
1
1
1
1
1
1
1
3
1
1
1
1
1
1
1
1
1
1
1
1
1
1
1
1
1
1
1
1
1
1
1
1
1
1
1
1
1
1
1
1
1
1
2
1
1
1
1
1
1
1
1
1
1
1
1
1
1
1
2
3
1
1
1
1
1
1
1
1
