*Vertices 1094
9
2
7
6
12
3
1
17
6
4
16
5
12
20
4
15
2
15
2
3
10
15
16
11
6
32
24
15
5
16
20
7
4
9
17
17
14
1
12
11
4
22
1
16
13
8
10
27
13
7
2
2
2
4
25
15
4
15
7
20
1
4
6
25
10
4
1
6
1
2
6
5
19
19
12
15
4
2
4
11
9
2
8
18
16
3
4
4
5
1
4
8
15
2
3
6
1
2
17
3
1
8
16
1
2
37
24
13
5
12
4
8
4
8
2
15
1
4
1
5
5
6
21
8
6
20
13
1
2
1
1
5
8
13
2
1
4
2
3
1
1
16
1
4
4
3
2
10
5
20
1
29
5
14
1
3
6
6
11
8
12
14
5
3
4
6
4
9
5
2
12
12
4
5
5
19
1
1
1
7
1
1
6
15
15
2
4
1
3
1
13
8
7
1
1
1
1
13
2
1
1
2
1
2
3
1
2
6
1
2
5
1
2
1
1
1
1
1
1
1
2
3
5
1
1
11
11
1
4
1
1
3
9
3
1
1
20
4
1
1
1
4
1
1
1
2
4
1
3
1
2
1
11
1
3
1
1
1
1
1
9
1
1
1
1
4
1
2
1
4
3
9
1
3
1
1
1
1
1
1
2
2
1
11
1
1
2
1
1
1
1
1
1
1
1
1
3
1
1
2
1
1
4
2
2
1
1
2
2
1
2
1
1
1
7
16
1
4
3
5
4
2
1
1
1
1
8
1
1
1
1
1
1
1
1
6
1
2
1
1
1
1
3
1
4
1
1
1
2
3
1
1
2
2
1
1
1
2
1
1
1
3
1
1
1
1
2
1
4
1
3
1
1
6
1
5
5
1
4
1
1
1
2
1
3
3
2
1
1
5
2
2
1
3
4
1
3
1
1
1
3
1
1
2
1
1
1
1
1
2
2
1
1
1
3
1
1
2
3
6
6
1
1
1
1
3
1
3
2
2
1
1
4
3
8
1
1
2
1
1
1
2
2
2
1
1
2
1
1
1
1
10
1
1
7
1
2
1
1
1
3
2
1
2
1
1
2
2
1
2
1
3
1
1
1
1
1
1
1
1
1
1
1
9
1
1
1
2
1
2
1
1
2
1
1
1
1
1
1
1
1
4
1
1
1
1
2
2
1
1
1
1
1
1
1
1
2
1
1
1
1
1
2
1
1
1
2
3
1
1
1
1
3
3
2
1
2
1
3
2
1
1
1
1
4
1
1
1
1
2
1
1
1
1
1
1
2
1
1
1
1
1
1
1
1
1
1
2
2
1
1
1
1
1
1
3
1
2
1
3
1
1
1
1
1
1
1
1
1
1
1
1
1
1
1
1
1
2
1
1
1
1
1
1
1
1
1
1
1
1
2
1
2
1
2
1
1
2
1
1
1
1
1
1
1
1
1
2
1
1
1
1
2
1
1
2
2
1
1
1
1
1
1
1
1
1
1
1
2
2
1
1
1
1
2
1
1
1
1
1
1
1
1
1
1
1
1
1
1
1
1
1
1
1
1
1
1
2
2
1
1
1
1
1
1
1
2
1
1
1
1
1
1
1
1
1
1
1
1
1
1
1
1
1
1
1
1
1
1
1
1
1
1
1
1
1
1
1
1
1
2
1
1
1
2
2
1
1
1
1
1
1
1
1
1
1
1
1
1
1
1
1
1
1
1
1
1
1
1
1
1
1
1
1
1
1
2
2
2
1
3
2
1
1
1
2
1
1
2
1
3
1
1
1
1
1
1
1
1
1
1
1
2
1
1
1
1
1
1
2
1
1
1
1
1
1
1
1
1
1
1
1
1
1
1
1
1
1
1
1
3
1
1
1
1
2
1
1
1
1
1
1
1
1
1
2
1
1
1
1
1
2
1
1
1
1
1
1
1
1
1
1
1
1
1
1
1
1
1
1
1
1
1
1
1
1
1
1
1
1
1
1
1
1
1
1
1
1
1
1
1
1
1
1
1
3
2
1
1
1
1
1
1
1
1
1
1
1
1
1
1
1
1
1
1
2
1
1
2
3
2
1
1
1
1
1
1
1
1
1
1
1
1
1
1
1
1
1
2
1
1
1
1
1
1
1
1
1
1
1
1
1
1
1
1
1
1
1
1
1
1
1
1
2
2
1
1
1
1
1
1
1
1
1
1
1
1
1
1
1
3
1
1
1
1
1
1
1
1
1
2
1
1
1
1
1
1
1
1
1
1
1
1
1
1
1
1
1
1
1
1
1
1
2
2
2
2
1
1
1
1
1
3
1
1
1
1
1
1
1
1
2
1
1
1
1
1
1
1
1
1
1
1
1
1
2
1
1
3
1
1
2
1
1
2
1
1
1
1
1
1
1
1
1
1
1
1
1
1
1
1
1
1
1
1
1
1
1
1
1
1
1
1
1
1
1
1
1
1
1
1
1
2
2
2
2
2
2
2
2
2
1
1
1
1
1
1
1
1
1
1
1
1
1
